20 20
1 1 1 0 1 1 1 0 0 1 0 0 1 1 0 1 1 1 0 1 
1 1 1 1 0 0 0 0 1 0 1 1 0 1 1 0 1 1 1 1 
0 1 1 1 1 1 1 1 1 1 1 1 0 1 1 1 1 0 1 1 
1 1 1 0 1 1 0 1 1 1 1 0 1 0 1 1 0 1 0 1 
1 1 1 1 1 0 0 0 0 1 1 1 1 1 0 1 1 1 0 1 
1 1 1 1 0 1 1 1 0 1 1 1 1 1 1 1 1 1 1 1 
1 1 1 0 1 1 0 1 0 1 1 1 0 1 1 1 1 1 1 1 
1 1 1 1 1 0 1 0 1 1 1 1 0 1 1 1 1 1 1 0 
0 1 1 1 0 1 1 1 1 1 0 1 1 1 0 1 0 1 1 1 
0 1 0 0 1 1 1 1 0 1 1 1 1 0 1 1 1 1 1 1 
1 0 1 1 0 1 1 0 1 0 0 1 1 1 0 1 0 0 0 1 
1 1 1 0 1 0 0 0 1 1 1 1 0 1 1 1 0 1 1 1 
1 1 0 1 1 1 0 0 1 0 0 0 1 1 1 1 1 1 1 0 
0 0 1 0 1 0 1 1 1 1 1 1 1 1 0 0 0 1 1 0 
0 1 1 1 0 1 1 1 1 0 1 1 1 1 1 1 0 1 0 1 
0 1 1 1 0 1 0 1 1 1 1 1 1 1 1 0 0 1 1 1 
0 1 1 0 1 1 0 1 1 0 0 1 1 1 0 1 1 0 1 1 
0 1 1 0 1 1 1 1 1 1 1 1 1 1 0 1 1 1 1 1 
1 1 1 0 1 0 0 1 1 1 1 1 1 1 1 0 1 0 1 1 
1 0 1 1 1 0 0 1 1 1 1 1 1 0 1 1 1 1 0 0 
0 0 290 290 nord
0 0
20 20
0 1 1 0 0 1 1 0 1 0 0 1 1 0 1 1 1 1 0 1 
1 1 1 1 0 0 0 0 1 1 1 1 0 0 1 1 0 1 1 1 
1 1 1 1 1 1 0 0 1 1 1 1 1 1 0 1 1 1 1 0 
1 1 0 1 1 0 1 1 0 1 0 0 1 1 0 0 1 1 1 1 
1 1 1 1 1 1 1 1 0 1 1 1 1 1 1 1 1 1 0 1 
1 0 1 1 1 1 1 1 1 1 1 1 1 0 1 0 1 1 0 0 
0 1 1 1 1 1 0 1 1 1 0 0 0 1 1 1 1 1 1 1 
0 1 1 0 0 1 1 1 1 1 1 1 1 1 1 0 1 0 1 1 
1 1 1 1 1 0 1 0 1 1 1 1 1 1 0 1 1 1 1 0 
0 0 1 1 0 1 0 1 1 1 1 1 1 1 0 1 0 1 0 0 
1 1 1 1 1 0 0 1 0 1 1 1 1 1 0 1 1 1 1 1 
1 1 0 1 0 1 0 1 1 0 1 1 0 0 0 0 0 1 1 1 
1 1 1 0 0 1 0 1 1 1 0 1 1 1 0 1 1 0 0 1 
1 1 0 1 1 1 1 1 1 1 0 0 1 1 1 0 1 1 1 0 
0 1 0 1 1 1 1 1 1 1 1 0 1 0 1 1 0 1 1 1 
1 1 0 1 0 1 1 0 1 0 1 1 1 1 1 1 0 1 1 1 
1 1 1 0 0 1 1 1 1 1 1 1 1 1 1 1 1 0 0 1 
0 1 1 0 1 1 1 1 0 1 1 0 0 0 0 1 0 1 1 1 
1 1 1 0 1 1 1 1 1 1 1 1 1 1 1 1 1 1 0 1 
1 1 0 0 1 1 1 0 0 1 1 0 1 0 1 1 1 1 1 1 
0 0 290 290 nord
0 0
20 20
1 1 0 1 1 1 0 1 1 0 1 1 1 1 0 1 1 0 1 1 
1 0 1 1 1 1 1 1 1 0 1 1 1 0 0 1 0 1 1 0 
1 1 1 1 0 1 0 1 0 1 1 1 0 0 1 1 1 1 0 1 
0 1 1 1 1 0 0 1 0 1 1 0 1 0 1 1 0 1 0 0 
1 0 1 1 1 1 1 1 1 0 1 1 1 1 1 1 1 1 1 0 
1 1 1 1 0 0 0 1 0 0 1 1 1 1 0 1 1 1 1 1 
1 1 1 0 1 1 0 0 1 1 1 1 0 1 0 1 0 1 0 0 
1 0 1 1 1 1 1 1 1 1 1 1 0 1 1 0 1 1 1 1 
1 1 1 0 0 1 0 1 0 1 1 1 1 1 1 1 0 1 1 0 
1 1 1 1 1 0 1 1 0 1 1 0 0 1 1 0 1 1 1 0 
1 1 1 1 1 1 0 1 1 0 0 1 1 1 0 1 0 1 0 1 
0 1 1 1 1 1 1 1 1 1 1 1 1 1 1 1 0 1 1 0 
0 1 0 0 1 0 1 1 1 0 0 1 1 1 0 1 1 1 1 1 
1 1 1 1 1 1 1 1 1 1 1 1 0 1 1 1 0 1 0 0 
1 0 1 1 1 1 0 0 1 1 1 1 0 1 0 1 1 1 1 1 
1 1 1 1 1 1 1 1 1 1 1 1 1 1 1 0 0 1 1 1 
1 1 0 1 1 0 1 1 0 1 1 1 1 1 1 0 1 1 0 1 
1 1 0 1 0 1 0 1 1 0 0 0 1 1 1 0 0 1 1 1 
1 1 1 1 0 1 1 1 0 1 1 1 1 0 0 0 0 1 1 1 
1 1 1 0 1 1 1 1 1 1 0 1 0 1 1 1 0 1 0 0 
0 0 290 290 nord
0 0
20 20
0 0 1 0 1 1 1 0 0 1 1 1 1 0 1 0 1 1 1 1 
1 1 1 1 1 0 0 0 1 0 1 1 1 1 0 0 1 1 1 1 
1 1 1 1 0 0 1 0 0 0 1 0 1 1 1 0 0 1 1 1 
0 1 0 1 1 0 1 1 1 1 1 1 1 0 1 0 1 1 0 0 
1 1 1 1 1 0 1 1 1 1 1 0 1 0 1 0 1 1 1 0 
1 1 1 1 1 1 1 0 1 1 1 0 1 0 0 1 1 0 1 0 
0 1 0 1 1 1 1 1 1 1 1 0 0 1 0 1 1 1 1 1 
1 1 1 1 1 1 0 1 1 1 0 1 1 1 1 1 1 0 1 1 
0 1 1 1 1 1 0 1 1 1 1 1 0 1 0 1 0 1 1 1 
1 1 0 1 1 0 1 1 1 0 1 1 1 1 1 1 0 1 0 1 
1 1 0 1 1 1 1 1 1 1 0 1 1 1 1 0 1 1 0 1 
1 1 0 0 1 0 1 1 1 1 1 1 1 0 1 1 1 1 0 1 
1 0 1 1 0 0 1 0 1 1 1 0 1 1 1 0 1 1 0 1 
1 0 1 1 0 1 1 0 0 1 1 1 0 1 1 1 1 1 1 1 
0 0 1 1 1 1 1 1 0 1 1 1 0 1 1 0 1 1 1 0 
0 1 0 1 1 1 1 1 1 1 1 1 0 1 0 1 1 1 1 1 
0 0 0 1 1 1 1 1 0 0 1 1 1 1 1 1 0 1 1 0 
1 1 1 1 1 1 1 1 1 1 1 1 0 0 1 1 1 1 1 1 
1 1 1 1 1 1 1 1 1 0 0 1 1 1 1 0 0 0 1 1 
0 1 0 1 1 1 0 1 0 0 1 0 1 1 0 1 1 0 1 1 
0 0 290 290 nord
0 0
20 20
1 1 0 1 1 0 0 0 0 1 1 1 1 1 1 1 1 0 1 1 
1 1 1 1 0 1 0 1 0 1 1 1 1 0 0 1 0 1 1 0 
0 1 1 0 1 1 0 1 0 1 1 1 0 1 0 1 1 0 1 0 
1 1 0 0 0 1 1 0 0 1 1 0 1 1 1 1 1 1 0 1 
1 1 1 0 0 1 1 1 1 1 0 1 1 1 1 0 0 1 1 1 
1 1 0 0 1 1 0 1 0 0 1 1 1 1 0 1 1 1 0 1 
1 1 1 1 0 1 1 1 1 1 0 1 1 1 1 0 1 1 1 1 
1 1 1 1 0 1 1 1 1 1 1 1 1 0 1 1 1 1 0 1 
1 1 1 1 1 1 0 1 1 1 0 1 1 1 1 0 1 1 1 1 
1 1 1 0 0 1 1 1 0 0 1 0 1 1 1 1 1 1 1 1 
1 1 1 1 1 1 1 0 0 1 0 1 0 1 1 1 1 0 1 1 
1 0 1 1 1 0 1 1 0 1 0 1 0 0 1 1 0 1 1 0 
1 1 1 0 1 0 1 1 1 1 0 1 0 1 1 1 0 1 1 0 
1 1 0 0 1 1 1 0 1 1 1 1 1 0 1 1 0 1 1 1 
1 1 1 1 0 1 0 1 1 1 1 1 1 1 1 1 1 0 1 1 
1 1 0 1 1 1 1 1 1 1 0 1 1 1 0 1 0 1 0 0 
1 1 1 0 1 1 0 1 1 0 0 1 1 0 1 1 1 1 1 1 
1 1 1 0 1 0 1 0 1 1 0 1 1 0 0 0 1 1 1 1 
1 0 1 1 0 1 1 1 1 1 0 1 0 1 1 1 1 1 1 0 
1 0 0 1 0 1 1 0 1 1 1 0 1 1 1 1 1 1 0 1 
0 0 290 290 nord
0 0
20 20
1 1 0 1 1 0 0 1 0 0 1 1 1 1 1 1 1 1 1 1 
1 1 1 1 1 1 0 0 1 1 1 1 1 1 1 1 1 1 1 0 
0 0 1 1 1 1 1 1 1 1 0 1 0 1 0 0 1 1 1 0 
1 1 1 1 1 0 0 0 1 1 1 1 1 1 1 1 0 1 1 1 
1 1 1 1 1 0 0 1 0 0 1 0 0 1 1 1 1 0 1 1 
0 0 1 1 0 1 1 1 1 0 1 0 1 1 0 1 0 0 0 1 
1 1 0 1 0 1 1 0 0 1 1 0 1 1 1 1 1 0 1 0 
1 1 1 1 1 1 1 0 1 1 1 1 0 1 1 1 1 0 1 1 
0 1 1 1 1 0 1 1 1 1 0 1 1 0 1 1 0 1 1 1 
1 0 1 1 1 1 1 1 1 0 0 1 0 1 1 1 0 0 1 1 
1 1 1 0 1 1 0 1 1 1 1 1 0 1 1 0 1 1 1 1 
1 1 1 1 0 1 1 1 1 1 1 1 1 1 1 1 1 1 1 0 
1 1 1 1 1 1 0 0 1 0 0 1 0 0 1 0 1 1 0 1 
1 1 0 1 0 1 0 1 1 1 1 0 1 1 1 1 0 1 1 0 
0 1 1 1 1 1 0 0 0 0 1 1 1 1 1 1 0 1 1 1 
0 1 1 1 1 0 1 1 1 1 1 1 1 1 0 1 1 1 1 0 
1 0 1 0 1 0 1 1 0 1 1 0 0 1 1 1 1 1 0 1 
1 1 1 1 0 1 0 0 0 1 1 1 1 1 1 1 1 1 1 1 
1 1 0 0 1 1 1 1 0 1 1 0 1 1 1 0 1 1 0 1 
1 1 0 1 1 1 0 1 0 1 0 1 1 0 0 1 0 1 1 1 
0 0 290 290 nord
0 0
20 20
1 1 0 1 1 1 0 1 1 0 1 1 1 1 1 1 1 1 0 1 
0 1 1 0 1 1 1 1 1 0 1 0 0 1 1 1 1 1 0 1 
1 1 1 1 1 1 1 0 1 0 0 1 1 1 1 1 1 1 1 1 
1 1 0 1 1 1 0 0 1 0 0 0 1 0 1 1 0 1 1 1 
1 0 1 1 1 1 1 0 0 1 1 0 0 1 0 1 1 1 0 1 
0 1 1 0 1 0 1 1 1 1 1 1 0 0 0 0 1 0 1 1 
0 1 0 1 0 1 1 1 1 1 1 1 1 0 1 0 1 1 1 1 
0 1 1 1 1 1 0 1 0 1 1 1 1 0 1 1 0 1 1 1 
1 1 1 1 1 1 1 0 1 1 1 0 1 1 1 0 0 0 1 1 
1 1 1 0 1 1 0 1 0 0 0 1 0 0 1 1 0 1 1 0 
1 0 1 0 0 1 1 1 1 1 0 1 1 1 0 1 1 1 0 1 
0 1 1 1 1 1 1 0 1 1 0 1 1 1 1 1 0 1 1 0 
1 0 0 1 0 1 1 1 1 0 0 1 1 1 1 1 1 1 0 1 
1 0 0 1 0 1 1 1 1 0 1 0 1 1 1 1 1 1 1 1 
0 1 1 1 1 0 1 1 1 1 1 1 1 1 1 1 1 1 1 1 
1 1 0 1 1 1 1 1 0 0 1 1 1 1 0 1 0 1 1 1 
1 1 1 1 0 0 1 0 0 1 1 1 1 1 1 0 1 1 0 0 
1 0 1 1 1 1 0 1 1 1 1 1 1 0 1 1 1 1 1 1 
1 1 1 0 1 0 1 1 0 1 1 0 1 1 1 0 0 0 0 0 
1 1 1 1 0 1 1 0 1 1 1 1 1 1 1 1 1 1 1 1 
0 0 290 290 nord
0 0
20 20
0 1 1 1 1 0 0 1 0 1 1 1 1 1 1 1 1 1 0 1 
1 1 1 0 1 0 1 1 1 0 1 1 1 1 1 1 1 1 1 1 
1 0 0 1 1 1 1 1 1 1 1 1 1 1 1 0 0 0 1 1 
1 1 1 0 1 1 1 1 0 1 1 1 1 1 0 0 0 0 1 0 
1 0 1 1 1 1 1 1 1 1 1 1 0 1 1 1 1 0 1 0 
1 1 1 1 1 1 1 1 1 1 1 0 1 1 1 1 1 0 1 0 
0 1 1 1 1 1 0 1 0 0 1 1 1 1 1 1 1 1 1 1 
1 1 1 1 1 1 1 1 1 1 1 1 1 0 0 1 1 1 0 1 
1 1 1 1 1 1 1 0 1 1 1 1 1 1 0 1 1 1 1 1 
0 1 0 0 1 0 1 1 1 1 1 1 1 0 1 1 0 0 1 1 
1 1 1 0 1 1 1 1 1 1 0 0 0 1 0 0 1 0 0 1 
1 1 1 1 1 1 1 1 1 1 1 1 0 0 1 0 1 0 1 0 
0 1 0 1 1 1 1 1 0 1 1 0 0 1 1 1 1 1 0 0 
1 1 1 0 1 0 0 1 1 1 1 0 1 0 0 1 1 1 0 0 
0 1 1 0 0 1 1 0 1 1 0 1 0 1 1 1 0 0 1 1 
1 1 0 1 1 1 1 1 1 1 1 1 0 1 1 1 1 1 0 1 
0 1 0 1 1 1 1 0 0 1 1 1 1 1 1 0 1 1 0 1 
1 1 0 1 0 0 1 0 1 0 1 1 1 0 1 1 1 1 0 0 
0 1 0 0 1 0 1 1 0 0 0 0 0 1 1 0 1 1 1 1 
1 1 0 1 1 1 1 1 1 0 1 1 1 1 1 1 0 0 1 1 
0 0 290 290 nord
0 0
20 20
1 1 1 0 1 0 0 1 1 1 1 1 1 1 1 0 0 1 1 1 
0 0 1 1 1 1 1 1 0 1 0 0 1 1 1 1 0 0 1 1 
0 0 1 1 1 0 0 1 0 1 1 1 1 0 1 1 1 1 1 1 
1 0 1 1 1 1 0 1 1 0 1 1 1 1 0 1 0 1 1 1 
1 1 0 1 1 1 1 1 0 1 1 1 0 0 1 1 1 0 1 1 
1 1 1 1 1 0 1 1 0 1 1 1 1 1 1 1 1 0 1 1 
0 1 1 1 0 1 1 1 1 0 1 0 1 1 1 1 1 1 1 1 
1 0 0 1 1 1 1 1 0 1 1 1 1 0 1 1 1 1 0 1 
1 0 1 1 1 1 0 0 1 1 1 1 0 1 1 1 1 1 1 1 
1 1 0 1 1 1 1 1 0 1 0 0 1 1 1 0 1 0 1 1 
1 1 1 1 1 0 1 1 1 1 0 1 1 1 0 1 1 1 0 1 
1 1 1 1 0 0 1 1 0 1 1 1 1 1 0 1 1 0 1 1 
1 1 1 1 1 0 1 1 1 1 0 1 1 0 1 1 1 1 0 1 
1 1 0 1 1 1 1 0 1 0 1 0 1 0 0 1 1 1 1 1 
1 0 1 1 1 1 1 1 0 1 0 1 0 0 1 0 1 1 1 0 
1 1 0 1 0 0 0 0 0 1 0 0 1 0 1 1 1 0 1 1 
1 1 1 1 1 1 1 1 0 1 1 1 1 1 1 0 0 1 0 0 
1 1 1 1 1 0 0 0 0 0 1 0 0 0 1 1 1 1 1 1 
1 1 1 1 1 1 0 1 1 1 1 0 0 0 1 1 1 1 1 1 
1 0 1 1 0 1 1 0 1 1 1 0 0 1 1 1 1 0 1 0 
0 0 290 290 nord
0 0
20 20
0 1 1 1 1 1 0 1 0 1 1 1 1 0 1 1 0 1 1 1 
1 1 1 1 1 0 0 1 0 1 1 1 0 0 0 1 1 0 0 0 
0 1 0 1 0 1 1 1 0 1 1 1 0 0 1 1 1 1 1 0 
1 1 1 1 1 1 1 0 1 0 1 1 0 0 1 0 1 1 0 1 
1 1 1 0 1 1 1 1 1 0 1 1 1 1 1 1 1 0 1 0 
1 0 1 0 1 1 1 1 1 1 1 1 1 0 0 1 1 0 1 1 
1 1 0 1 0 1 1 0 1 0 0 0 1 0 0 0 1 1 1 1 
1 1 1 1 1 1 1 1 1 1 1 1 0 1 1 0 1 0 1 1 
1 1 1 1 1 1 0 1 1 1 1 1 1 1 1 1 1 1 1 1 
1 1 1 0 1 1 0 1 0 1 1 0 1 1 1 1 1 1 0 0 
0 1 1 1 1 1 1 1 1 1 1 1 1 1 1 1 1 0 0 1 
1 1 1 1 1 1 1 1 1 1 1 0 0 1 0 1 1 0 1 0 
0 1 0 0 0 1 0 0 1 1 1 1 1 1 1 1 0 0 1 0 
1 1 0 1 1 0 1 1 0 1 0 1 1 1 1 1 1 1 1 1 
1 0 1 0 1 1 0 0 0 0 1 1 1 1 1 1 0 0 1 1 
1 1 1 1 1 0 1 1 1 1 0 1 0 0 0 1 0 1 1 1 
1 1 1 1 1 0 0 1 0 0 1 0 1 1 1 0 1 1 1 0 
0 1 0 1 0 1 1 1 1 0 0 0 1 1 1 1 1 0 1 1 
1 1 1 1 1 0 1 1 1 1 0 0 1 1 1 1 1 1 1 1 
1 1 1 1 1 1 0 1 1 1 1 1 1 1 1 1 0 0 1 1 
0 0 290 290 nord
0 0
20 20
1 1 1 1 0 1 1 1 0 0 0 1 1 1 1 0 1 1 1 1 
1 1 1 1 0 1 1 1 1 1 1 1 0 1 1 1 1 0 1 1 
1 0 1 0 1 1 0 1 1 1 0 1 0 0 1 1 1 0 1 0 
1 1 1 0 1 0 0 1 0 1 1 0 1 1 1 1 1 0 1 1 
1 0 0 0 1 0 1 1 1 1 1 1 1 1 1 1 1 1 1 1 
1 0 0 1 1 1 0 1 1 0 1 0 1 1 1 0 1 1 1 1 
0 0 1 1 1 0 1 1 1 1 1 1 1 0 1 1 1 1 1 1 
1 1 1 0 1 0 1 0 0 1 0 0 1 1 1 1 1 0 0 1 
1 1 1 0 1 0 0 1 1 0 1 1 1 1 1 1 1 0 1 0 
1 1 0 1 0 0 0 1 1 0 0 0 1 1 1 0 0 0 1 1 
1 0 1 1 1 1 0 1 1 1 0 0 1 0 1 1 0 1 0 1 
1 1 0 0 1 0 1 1 1 0 1 1 0 0 0 0 1 1 1 0 
1 1 1 1 0 1 1 1 1 0 0 0 1 1 1 1 1 1 0 0 
1 1 1 1 0 0 0 1 1 0 1 1 0 1 1 1 1 1 1 1 
1 1 0 1 1 1 1 0 1 1 1 1 1 1 1 0 1 1 0 1 
1 1 0 1 0 1 1 1 1 1 1 1 1 1 1 1 1 1 1 1 
1 0 1 1 1 0 1 1 1 1 1 1 1 1 1 1 1 0 1 0 
1 1 0 1 1 1 1 1 0 1 0 0 1 1 0 1 1 1 1 1 
1 0 1 1 1 1 1 1 1 1 1 1 1 1 1 1 1 1 1 1 
0 1 1 1 0 1 0 1 1 1 1 0 0 1 1 1 0 1 0 1 
0 0 290 290 nord
0 0
20 20
1 1 1 1 1 0 1 1 1 1 0 0 0 1 1 1 0 0 0 1 
1 0 1 0 1 0 0 1 1 1 1 0 1 1 0 1 1 1 0 0 
1 1 1 1 1 0 1 1 1 1 1 0 0 1 1 1 1 0 1 1 
1 1 1 0 0 1 1 1 0 0 1 0 0 1 1 0 0 0 0 0 
1 0 0 1 0 0 1 1 1 1 1 1 1 1 0 1 1 0 1 0 
1 1 1 1 1 1 0 0 1 1 1 1 0 1 1 1 1 1 1 0 
0 1 0 1 1 1 1 1 1 1 1 1 1 1 1 1 1 1 1 1 
0 1 1 1 1 1 0 1 0 1 1 1 1 1 1 1 1 1 1 1 
1 1 1 0 0 1 1 1 1 1 1 0 1 1 1 0 1 1 0 1 
0 1 1 0 1 1 1 1 1 1 1 1 1 1 1 1 1 0 0 0 
1 1 0 1 0 0 1 1 1 0 1 1 1 1 0 1 0 1 1 1 
1 1 0 1 1 1 1 0 1 0 1 0 1 1 0 1 0 1 1 0 
1 0 0 0 0 1 1 0 1 1 1 1 1 1 0 1 1 0 1 1 
0 1 1 1 1 0 0 0 0 0 1 1 1 1 1 1 1 1 1 0 
1 0 1 1 1 1 1 1 1 1 1 1 1 1 1 1 1 1 0 1 
1 1 1 1 1 1 1 0 1 1 1 0 1 1 1 1 1 1 1 1 
1 1 1 1 0 1 1 0 0 1 1 1 1 1 0 0 1 0 1 0 
1 0 1 0 0 1 1 1 1 1 0 0 1 1 1 1 1 1 0 1 
1 1 0 1 1 1 1 1 1 0 0 1 1 0 1 0 1 0 1 1 
1 0 0 0 1 1 1 1 1 1 1 1 1 1 1 1 1 1 0 1 
0 0 290 290 nord
0 0
20 20
0 1 1 1 1 0 1 1 1 1 1 0 0 0 0 1 1 1 1 1 
1 0 0 1 1 1 1 1 1 0 0 1 0 0 1 1 1 1 1 0 
1 1 1 1 0 1 1 0 1 1 0 0 1 0 1 1 1 0 0 0 
1 1 1 0 0 1 0 0 1 1 1 1 1 1 1 1 1 0 1 1 
1 1 1 1 1 1 0 0 1 1 1 1 1 0 1 0 1 1 0 1 
0 1 1 1 1 1 1 1 0 1 0 1 0 1 1 0 1 1 1 1 
1 1 0 1 1 1 0 1 0 1 0 1 1 1 0 1 1 1 1 1 
1 1 0 1 0 1 1 1 1 1 1 1 0 1 1 1 1 0 1 1 
1 1 1 0 0 1 0 1 1 1 1 1 0 1 1 1 0 0 0 0 
0 1 1 0 1 0 1 1 1 1 1 0 1 0 1 1 1 1 1 1 
0 1 0 1 1 1 1 0 1 1 1 0 1 1 0 1 0 1 0 1 
0 1 0 1 1 1 1 1 0 1 0 1 1 1 0 1 1 1 1 0 
1 1 1 1 0 1 1 0 1 1 1 1 1 1 1 1 1 0 1 1 
0 1 1 1 0 1 1 1 0 0 1 1 1 1 1 1 1 1 1 1 
1 0 1 1 0 1 1 1 1 1 1 1 1 1 1 1 1 0 1 0 
1 1 1 1 0 1 0 0 0 0 1 0 1 0 1 1 0 1 1 1 
0 1 1 1 0 1 1 1 1 1 1 1 1 1 0 1 1 0 1 1 
1 0 1 1 1 1 0 0 1 0 1 1 0 1 0 0 1 1 1 0 
1 1 1 0 1 1 1 0 1 1 1 1 1 0 0 1 1 1 1 0 
1 1 1 1 1 0 1 1 0 1 1 1 1 1 0 1 1 1 1 1 
0 0 290 290 nord
0 0
20 20
0 1 1 1 1 0 1 1 0 1 1 1 0 1 1 0 0 1 1 1 
1 1 1 0 0 1 1 1 1 1 1 1 1 1 1 1 1 1 1 0 
0 0 1 1 0 1 0 1 1 1 1 0 1 0 0 0 1 0 1 1 
0 1 1 1 0 1 1 1 0 1 1 0 0 1 0 1 1 1 1 1 
1 0 1 1 1 1 0 1 0 1 0 1 0 1 1 1 1 1 1 1 
1 1 1 1 1 1 1 1 1 1 0 0 0 0 1 0 1 1 1 1 
1 0 1 0 1 1 1 0 1 1 0 1 0 1 1 1 0 1 1 1 
1 1 1 1 1 1 0 0 1 1 1 1 1 0 1 0 1 1 1 1 
1 1 1 1 1 0 1 1 1 1 1 1 0 1 0 1 0 1 0 1 
1 1 1 1 1 0 1 1 0 1 0 1 0 1 1 1 1 1 0 1 
0 1 1 1 1 1 1 1 1 1 1 1 1 1 0 0 1 0 1 1 
1 1 0 0 1 1 0 1 1 1 1 1 1 0 1 1 0 1 1 1 
1 1 1 0 1 1 0 0 1 0 1 1 0 1 1 1 1 0 1 1 
1 0 1 0 1 0 0 1 1 0 0 1 1 1 0 1 0 1 0 0 
1 1 0 1 1 1 1 1 1 1 0 0 1 1 1 1 1 1 0 1 
1 1 1 0 1 1 1 0 1 0 1 0 1 1 0 1 1 0 1 0 
1 1 1 0 1 1 1 1 0 1 1 1 1 1 0 1 1 1 1 1 
0 0 1 1 1 1 1 1 1 0 1 1 1 1 0 1 1 0 0 1 
1 1 1 1 1 1 1 1 1 0 1 0 0 1 1 1 0 1 1 0 
1 1 0 0 1 1 1 1 1 0 0 1 0 0 1 1 1 1 1 1 
0 0 290 290 nord
0 0
20 20
1 0 1 1 1 1 0 1 1 0 1 0 0 1 1 0 1 1 1 0 
0 1 0 0 0 0 1 1 1 0 1 1 1 1 1 1 0 1 1 1 
1 1 1 1 1 1 1 1 1 1 1 1 1 1 1 1 0 1 0 1 
1 1 1 1 0 1 1 0 1 0 1 1 1 0 1 1 1 1 1 1 
1 1 1 0 1 1 0 0 0 0 1 1 1 0 1 0 1 1 1 0 
0 1 1 1 1 1 1 1 1 1 1 1 0 1 0 0 1 1 1 0 
1 0 0 1 1 1 1 1 1 0 0 1 1 1 1 1 0 0 1 0 
1 0 1 1 1 0 0 1 0 0 0 0 1 1 1 1 0 1 1 0 
0 1 0 0 0 1 1 1 1 1 1 1 1 1 1 1 1 1 1 1 
1 0 0 1 0 0 1 0 1 1 1 1 1 0 1 1 1 1 0 0 
0 1 1 1 1 1 1 1 1 0 1 1 0 1 0 1 1 1 1 1 
1 0 1 1 1 1 1 0 0 1 1 0 0 1 0 0 1 1 1 1 
1 0 1 0 0 1 0 1 1 1 1 1 1 1 0 1 0 1 0 1 
1 1 1 1 1 1 1 1 0 1 1 1 1 1 1 0 1 0 1 1 
0 1 1 0 1 1 1 1 0 1 1 1 1 1 0 1 1 1 0 1 
1 0 1 1 1 1 1 1 0 1 1 0 1 1 1 1 0 0 0 1 
1 1 1 1 1 0 1 1 1 1 1 1 1 1 1 1 1 1 1 1 
1 0 1 0 0 0 1 0 1 1 1 1 1 1 1 0 1 1 1 1 
1 1 1 1 1 1 1 1 1 1 0 1 0 1 0 1 1 1 1 1 
1 1 1 1 1 0 1 1 1 0 1 0 0 0 0 0 1 1 1 1 
0 0 290 290 nord
0 0
20 20
0 1 0 0 1 0 1 1 0 1 1 1 1 0 1 0 1 1 1 1 
1 1 0 1 1 1 1 1 1 1 0 1 1 1 1 1 1 1 0 0 
1 1 1 1 0 0 0 0 1 1 1 1 0 1 1 1 1 1 1 0 
1 1 0 1 1 1 1 1 0 0 0 1 0 1 1 0 1 1 0 1 
1 1 1 1 0 1 1 1 1 1 1 1 0 1 0 1 1 0 0 0 
0 1 1 1 1 1 1 1 1 0 1 1 1 1 1 1 1 0 1 1 
1 1 0 0 1 1 1 1 1 1 1 1 1 1 1 1 0 1 0 1 
1 1 1 1 1 0 1 1 1 0 1 0 0 1 1 0 1 0 1 0 
1 1 1 1 1 1 1 0 1 1 0 1 0 1 1 1 1 1 0 0 
0 1 1 0 1 0 0 1 0 1 0 0 1 1 1 0 1 0 0 1 
1 1 0 1 1 1 0 0 1 1 0 1 1 1 1 1 1 0 1 1 
1 1 1 1 1 1 1 1 1 0 1 1 1 1 1 1 0 1 1 1 
1 1 0 1 0 1 1 1 0 1 1 1 1 1 1 1 1 0 1 1 
1 0 0 0 1 0 0 0 1 1 1 1 1 0 1 1 0 1 0 1 
0 1 1 1 1 1 1 1 1 1 1 0 0 1 1 1 1 1 0 1 
1 1 1 1 1 0 1 1 0 1 1 1 1 1 1 1 1 0 1 1 
0 0 1 1 1 0 1 1 1 0 1 0 1 1 0 1 1 1 0 1 
1 1 1 0 1 1 0 0 0 1 1 1 1 0 1 1 1 1 0 1 
1 1 0 1 1 1 1 1 1 1 1 1 1 0 1 0 1 0 0 1 
1 0 0 1 1 1 1 1 1 0 1 1 1 1 0 1 1 0 1 0 
0 0 290 290 nord
0 0
20 20
1 1 1 1 0 1 1 0 1 0 1 0 1 1 1 1 1 1 1 1 
1 1 1 0 0 1 1 1 0 1 1 0 1 0 0 1 1 1 0 1 
1 1 1 1 1 0 1 1 1 0 1 0 0 0 1 0 1 1 0 1 
1 1 1 0 1 0 1 0 0 0 1 0 1 1 1 1 1 0 1 1 
1 0 0 0 1 1 1 0 1 1 1 1 1 1 1 1 1 0 1 1 
0 0 0 1 1 1 0 0 1 0 1 1 0 1 0 0 0 1 0 1 
1 1 0 1 1 1 1 1 1 1 1 1 0 1 0 1 0 1 0 1 
1 1 1 1 0 0 1 1 1 1 1 1 0 1 1 1 1 1 1 1 
1 1 1 0 1 0 1 1 0 0 0 1 1 1 1 1 1 0 1 0 
1 0 0 1 0 1 1 1 1 1 1 0 0 1 1 1 1 1 0 0 
1 1 1 1 0 1 0 1 1 1 1 0 0 1 1 0 0 0 0 1 
0 1 1 1 1 0 1 1 1 1 1 1 1 0 1 1 0 0 1 0 
1 1 0 1 0 0 1 1 1 1 1 1 1 1 1 0 0 1 1 1 
1 1 1 1 1 1 1 1 0 1 1 1 1 0 0 1 1 1 0 0 
1 1 1 1 0 1 1 1 1 1 1 1 0 1 1 1 1 1 1 1 
1 1 1 1 0 1 1 1 1 1 1 1 1 1 1 1 0 1 1 0 
1 1 0 0 1 1 1 1 0 0 1 0 1 0 1 0 1 0 1 1 
1 1 1 1 1 1 0 1 1 1 0 1 0 1 1 1 1 1 1 0 
1 1 1 1 1 1 1 1 1 0 0 1 1 1 0 0 1 1 1 1 
1 1 1 1 1 1 1 1 1 1 0 1 1 1 1 0 1 1 1 1 
0 0 290 290 nord
0 0
20 20
1 1 1 0 1 1 0 1 1 1 0 1 1 0 1 1 0 1 1 1 
1 1 1 1 1 1 1 0 0 1 1 1 1 1 0 1 1 1 1 1 
1 1 0 0 0 1 1 0 1 1 0 0 0 0 1 0 0 0 1 0 
1 1 1 1 1 1 1 0 0 1 1 1 1 1 1 1 0 1 1 1 
1 1 1 1 1 0 0 1 1 1 0 1 1 1 1 1 1 1 0 1 
1 0 1 0 1 1 1 1 1 1 1 1 1 1 1 0 0 1 1 1 
0 1 1 1 1 1 0 1 1 0 1 0 1 1 1 1 1 1 1 0 
1 1 1 1 0 1 1 0 1 0 1 1 1 0 1 1 1 1 1 1 
1 1 1 1 1 1 1 1 1 1 0 1 1 0 1 1 1 1 0 1 
1 0 1 0 1 0 1 0 0 1 1 1 1 1 1 0 0 1 1 1 
1 1 1 1 1 1 1 1 1 1 0 1 0 0 1 1 1 1 1 1 
0 0 0 1 0 1 1 0 0 1 1 1 1 0 1 1 1 1 1 1 
0 1 1 1 0 0 1 1 0 1 1 1 0 1 1 1 0 1 0 1 
1 1 1 0 1 1 1 1 0 1 0 0 0 1 0 0 1 0 1 1 
1 1 1 1 1 0 0 0 1 1 0 1 1 1 0 0 1 0 1 1 
1 0 1 0 1 1 1 1 1 1 1 1 1 1 1 1 1 0 1 1 
1 1 1 1 0 1 1 0 1 1 1 1 1 1 0 1 0 1 1 0 
0 1 0 1 1 0 1 1 1 1 0 1 1 0 1 0 1 1 1 1 
1 0 1 1 0 1 0 1 1 1 1 1 0 1 0 1 1 1 0 0 
1 0 1 1 1 1 1 1 0 1 0 0 1 1 0 0 0 1 1 1 
0 0 290 290 nord
0 0
20 20
1 0 0 1 0 1 1 1 1 1 0 0 1 1 0 1 1 1 1 1 
1 1 0 1 1 1 1 1 1 0 0 1 1 0 1 1 0 1 1 0 
1 1 1 1 1 0 0 1 1 1 1 1 1 0 0 1 1 1 1 1 
0 0 1 1 1 1 0 1 1 0 1 1 1 1 1 1 0 1 1 0 
0 0 1 1 1 1 1 1 1 1 1 1 1 1 1 1 0 0 1 1 
1 1 1 1 1 0 1 1 0 1 1 1 0 1 1 1 0 0 0 1 
1 1 1 1 1 1 0 0 0 1 1 1 0 1 1 1 1 1 1 1 
1 0 1 0 1 0 1 1 1 0 0 1 1 1 1 1 1 1 1 1 
1 1 1 0 0 0 1 0 1 1 1 1 0 1 1 0 1 0 1 1 
0 1 1 1 1 0 0 1 1 1 1 1 0 1 0 1 0 0 1 1 
1 1 1 1 0 1 1 0 1 0 1 1 1 1 1 0 1 1 1 1 
1 0 1 1 0 1 1 1 0 1 1 0 1 1 0 1 1 1 1 1 
0 1 1 0 1 0 0 1 0 1 1 1 1 0 1 0 1 0 1 1 
0 1 1 1 0 1 1 1 0 1 1 1 1 1 0 0 1 1 1 1 
1 1 0 1 0 1 1 1 1 0 1 1 1 1 1 1 1 1 1 1 
1 1 1 0 1 1 0 0 1 1 1 1 1 1 1 1 1 1 0 1 
0 1 1 0 0 0 0 1 0 1 1 1 1 1 1 1 1 0 1 1 
1 1 1 0 1 1 1 1 0 0 1 0 0 1 1 0 1 0 1 0 
1 1 1 1 1 1 1 1 1 1 1 1 1 1 1 0 0 1 1 1 
1 0 0 1 1 0 1 0 1 0 0 0 1 1 1 1 0 1 1 0 
0 0 290 290 nord
0 0
20 20
1 1 1 1 1 1 1 0 0 1 0 1 1 1 0 1 0 1 1 1 
0 1 1 1 1 1 1 1 1 1 1 0 0 1 1 0 1 1 1 1 
1 1 1 1 1 0 0 0 1 1 1 1 1 1 1 1 0 0 0 1 
1 1 1 1 1 1 0 0 1 0 1 0 1 0 0 1 1 1 1 1 
1 1 1 1 0 1 1 1 0 1 1 0 1 1 1 0 1 1 1 0 
0 0 1 1 0 1 0 1 1 1 0 1 1 1 1 1 1 1 1 1 
1 1 1 1 1 1 0 1 1 1 0 0 0 1 1 0 1 1 1 1 
1 0 1 0 0 1 1 1 1 1 1 1 1 0 1 1 1 0 0 1 
1 1 1 0 1 1 1 1 1 1 1 0 1 1 0 1 1 1 1 0 
1 1 1 1 1 1 1 0 0 0 1 0 0 1 1 1 1 0 1 1 
0 1 0 1 0 1 1 1 1 0 1 1 0 1 0 1 0 1 0 1 
1 1 1 1 0 0 0 1 1 1 1 1 0 1 1 1 0 1 1 1 
0 0 0 0 1 1 1 0 0 0 1 1 1 1 1 0 1 1 1 1 
1 0 1 1 0 0 0 1 1 1 1 1 1 1 1 1 0 1 1 0 
1 1 1 0 1 1 1 1 1 1 1 1 1 0 1 1 0 1 1 1 
1 1 0 1 0 1 1 0 0 1 1 1 1 1 0 1 1 1 1 0 
1 1 0 1 1 1 1 1 1 1 0 1 1 1 0 1 1 1 1 1 
1 1 0 1 0 1 1 1 0 1 1 1 1 1 0 0 1 1 0 0 
1 1 0 1 1 1 1 1 1 1 0 1 1 1 1 1 1 1 0 1 
1 1 1 0 0 1 1 0 1 0 0 1 1 1 1 0 1 0 0 0 
0 0 290 290 nord
0 0
