10 10
0 0 1 1 1 1 1 1 1 0 
1 1 0 0 1 1 0 0 0 0 
0 0 0 0 0 0 1 0 0 1 
0 1 0 1 0 1 1 1 1 0 
1 0 0 1 0 0 1 1 0 1 
0 0 0 0 0 1 0 0 1 0 
1 0 0 0 0 0 0 0 1 0 
0 0 1 1 0 0 0 0 0 1 
0 0 0 0 0 0 0 1 0 0 
0 0 1 0 0 0 0 1 0 0 
9 6 7 6 ouest
0 0
15 15
0 0 0 1 0 1 1 0 0 0 1 0 1 1 0 
0 1 0 0 0 0 0 0 0 0 0 1 1 0 1 
1 0 1 0 1 0 1 0 1 1 0 0 1 0 1 
1 1 1 0 1 0 1 1 0 1 0 1 1 1 0 
1 0 0 1 1 0 1 1 0 0 1 1 1 1 1 
0 0 0 0 0 0 0 0 1 0 1 0 0 1 1 
0 0 1 1 0 1 0 0 1 1 1 1 0 0 1 
0 1 0 0 0 1 1 0 0 0 1 0 0 1 0 
0 1 1 1 1 0 1 1 0 0 1 1 0 1 0 
1 0 0 0 0 1 0 1 1 1 0 1 0 0 1 
0 1 0 1 0 0 1 1 0 0 1 1 1 0 1 
1 0 0 0 1 0 0 1 0 0 0 0 1 0 1 
1 1 0 0 0 1 0 0 1 1 0 0 0 0 1 
0 1 0 0 0 1 0 1 1 0 0 0 0 0 0 
1 0 1 1 1 0 0 0 0 0 0 0 1 0 1 
8 0 6 0 est
0 0
5 5
0 0 0 0 0 
0 0 0 0 0 
1 0 0 0 0 
0 0 0 0 0 
0 0 0 0 1 
5 0 5 1 nord
0 0
